- 22, 3, 0
- 30, 4, 0
- 38, 4, 0
- 53, 6, 0
- 61, 7, 0
- 68, 8, 0
- 76, 9, 0
- 92, 11, 0
- 99, 12, 0
- 107, 13, 0
- 122, 14, 0
- 130, 15, 0
- 138, 16, 0
- 145, 17, 0
- 161, 19, 0
- 168, 20, 0
- 176, 21, 0
- 192, 23, 0
- 199, 23, 0
- 207, 24, 0
- 215, 25, 0
- 230, 27, 0
- 238, 28, 0
- 245, 29, 0
- 255, 47, 0
- 255, 69, 0
- 255, 91, 0
- 255, 113, 0
- 255, 157, 0
- 255, 179, 0
- 255, 201, 0
- 255, 223, 0
- 254, 253, 1
- 252, 250, 2
- 250, 248, 3
- 247, 242, 6
- 245, 239, 7
- 243, 236, 8
- 241, 233, 9
- 239, 227, 12
- 236, 224, 13
- 234, 221, 14
- 230, 215, 17
- 228, 213, 18
- 227, 210, 19
- 225, 207, 20
- 221, 201, 23
- 219, 198, 24
- 215, 195, 25
- 214, 189, 28
- 212, 186, 29
- 210, 183, 30
- 208, 180, 31
- 205, 175, 34
- 203, 172, 35
- 201, 169, 36
- 197, 163, 38
- 195, 160, 40
- 194, 157, 41
- 192, 154, 42
- 188, 148, 45
- 186, 145, 46
- 184, 142, 47
- 183, 140, 48
- 179, 134, 51
- 177, 131, 52
- 175, 128, 53
- 172, 122, 56
- 169, 120, 55
- 166, 118, 54
- 163, 115, 53
- 151, 111, 52
- 155, 109, 51
- 152, 107, 50
- 146, 103, 48
- 143, 101, 47
- 140, 99, 46
- 137, 97, 45
- 131, 93, 43
- 128, 91, 42
- 125, 89, 41
- 120, 85, 39
- 117, 83, 38
- 114, 80, 37
- 111, 78, 36
- 105, 74, 34
- 102, 72, 33
- 99, 70, 32
- 96, 68, 31
- 90, 64, 30
- 87, 62, 29
- 85, 60, 28
- 79, 56, 26
- 76, 54, 25
- 73, 52, 24
- 70, 50, 23
- 65, 45, 21
- 61, 43, 20
- 58, 41, 19
- 52, 37, 17
- 50, 35, 16
- 47, 33, 15
- 44, 31, 14
- 38, 27, 12
- 35, 25, 11
- 32, 23, 11
- 29, 21, 10
- 23, 17, 8
- 20, 14, 7
- 17, 12, 6
- 12, 8, 4
- 9, 6, 3
- 6, 4, 2
- 3, 2, 1